<?xml version="1.0" standalone="no"?>
<!DOCTYPE svg PUBLIC "-//W3C//DTD SVG 20010904//EN"
 "http://www.w3.org/TR/2001/REC-SVG-20010904/DTD/svg10.dtd">
<svg version="1.0" xmlns="http://www.w3.org/2000/svg"
 width="1006.000000pt" height="1280.000000pt" viewBox="0 0 1006.000000 1280.000000"
 preserveAspectRatio="xMidYMid meet">
<metadata>
Created by potrace 1.15, written by Peter Selinger 2001-2017
</metadata>
<g transform="translate(0.000000,1280.000000) scale(0.100000,-0.100000)"
fill="#000000" stroke="none">
<path d="M4734 12708 c-76 -123 -124 -228 -124 -273 0 -30 9 -46 50 -89 58
-61 89 -125 90 -181 1 -63 27 -175 56 -233 34 -69 104 -140 185 -186 64 -38
65 -38 76 -95 30 -162 174 -365 588 -831 331 -371 445 -513 524 -649 83 -143
99 -236 57 -326 -34 -73 -89 -129 -254 -263 -81 -66 -170 -144 -198 -174 -52
-54 -92 -118 -76 -118 8 0 322 108 397 136 11 4 -61 -71 -160 -166 -99 -96
-236 -229 -304 -296 l-124 -122 24 -30 c13 -17 26 -31 29 -31 3 -1 138 109
300 244 162 135 298 245 303 245 23 0 16 -36 -16 -84 -97 -146 -296 -357 -414
-440 -46 -31 -106 -79 -135 -105 -53 -49 -109 -131 -88 -131 6 0 39 12 73 26
178 75 449 302 580 486 65 90 100 173 136 316 17 67 46 153 66 192 36 71 42
120 26 195 l-6 30 -60 -72 c-64 -77 -83 -81 -41 -8 14 25 38 65 52 90 22 39
25 56 25 133 0 110 -21 202 -70 308 -92 197 -176 299 -586 714 -347 351 -428
447 -494 582 -58 117 -57 127 4 149 97 34 200 18 335 -51 91 -48 344 -244 451
-350 65 -65 84 -92 126 -181 28 -57 63 -135 79 -174 15 -38 40 -83 55 -99 l26
-30 36 17 c34 16 35 19 42 84 15 157 -37 234 -350 514 -71 64 -156 146 -187
181 -143 163 -339 237 -594 225 -60 -3 -118 -8 -129 -11 -18 -6 -30 13 -103
160 -82 162 -83 166 -64 180 11 8 23 28 27 44 7 31 19 38 31 19 4 -7 43 26
100 82 62 61 90 97 84 103 -19 19 -9 23 44 15 199 -27 374 -128 716 -415 85
-72 180 -149 211 -172 55 -42 57 -42 140 -42 l84 0 -44 38 -43 37 22 20 c17
16 24 17 38 7 46 -33 56 -32 278 24 294 74 307 76 449 64 140 -13 249 -38 343
-79 37 -16 141 -57 232 -91 345 -130 495 -230 567 -378 0 -2 89 33 197 77 108
45 202 81 207 81 7 0 10 -19 7 -49 l-3 -49 66 -4 c81 -4 109 -23 207 -141 60
-72 162 -161 162 -142 0 6 -236 452 -245 462 -1 2 -41 -13 -90 -32 -49 -19
-91 -33 -93 -31 -8 8 29 72 68 118 52 61 163 143 308 230 152 90 231 128 373
176 122 42 229 92 318 149 29 19 54 33 55 31 6 -8 -14 -253 -24 -304 -22 -106
-72 -192 -127 -219 -1 -1 6 -30 17 -66 24 -77 24 -83 5 -75 -8 3 -15 4 -15 2
0 -14 -264 -783 -271 -791 -6 -6 -27 -3 -58 8 -87 31 -135 20 -154 -35 -5 -15
0 -18 28 -18 39 0 40 -5 24 -63 -17 -61 -74 -116 -166 -158 l-82 -38 -223 75
c-123 42 -236 80 -251 84 l-29 9 18 -27 c74 -114 48 -99 232 -132 107 -20 102
-17 102 -54 0 -37 -15 -46 -77 -46 -20 0 -41 -8 -53 -20 -19 -19 -20 -33 -20
-232 0 -197 2 -215 22 -257 70 -144 337 -296 545 -309 95 -6 137 7 157 47 14
28 30 101 22 101 -3 0 -31 -10 -62 -21 -143 -54 -321 29 -393 181 -24 51 -26
68 -29 213 -2 86 -1 157 2 157 2 0 53 -25 111 -56 122 -65 120 -72 27 86 -28
47 -49 87 -47 88 2 2 57 -24 123 -58 l119 -61 64 28 63 29 -120 64 -119 65 3
35 c2 19 5 36 7 38 2 2 29 10 61 19 98 25 98 25 90 102 l-6 67 88 -12 c48 -7
100 -13 115 -13 l28 -1 -37 68 -37 67 92 215 c58 136 147 316 241 490 l150
275 -22 18 -21 18 41 42 41 42 -14 63 c-17 73 -15 79 49 142 25 24 46 48 46
52 0 4 -28 -10 -62 -32 -33 -22 -65 -40 -69 -40 -19 0 -20 43 -2 69 11 14 41
56 67 94 l48 67 -29 0 c-15 -1 -48 -5 -73 -10 -25 -4 -46 -7 -48 -6 -1 2 38
43 87 91 87 85 89 88 75 111 l-15 23 -47 -21 c-101 -43 -97 -46 -52 36 22 40
40 78 40 84 0 15 -39 40 -79 52 l-31 9 -193 -280 -192 -279 -56 0 -57 0 -6 45
c-4 25 -9 45 -11 45 -3 0 -39 -27 -82 -60 -42 -32 -79 -58 -81 -56 -2 2 11 27
28 55 17 28 30 59 28 68 -4 19 -39 39 -78 45 -24 3 -25 1 -32 -75 -13 -140
-57 -193 -158 -190 l-59 1 -58 -74 c-32 -41 -63 -72 -68 -70 -6 2 -37 9 -70
16 -49 10 -60 10 -69 -2 -6 -8 -59 -73 -119 -145 l-107 -130 -168 74 c-361
161 -760 308 -907 333 -48 8 -157 11 -340 8 l-270 -4 -152 -39 c-149 -38 -154
-39 -232 -28 -147 22 -253 85 -451 267 -188 174 -267 216 -403 216 -41 0 -94
3 -119 6 l-44 6 -78 124 c-43 68 -79 124 -81 124 -2 0 -86 18 -186 40 -100 22
-184 40 -185 40 -2 0 -29 -42 -60 -92z m338 -165 c14 -16 33 -40 43 -55 l17
-28 -91 0 -91 0 0 26 c0 79 71 112 122 57z m-14 -230 l-3 -38 -55 0 c-50 0
-55 2 -58 23 -6 44 4 52 63 52 l56 0 -3 -37z m-158 -243 c-3 -27 -9 -52 -12
-55 -3 -3 -19 17 -36 44 -33 53 -30 59 24 60 l30 1 -6 -50z m3878 -2099 c20
-14 21 -19 10 -29 -12 -9 -24 -1 -64 40 l-49 51 40 -22 c22 -12 50 -30 63 -40z"/>
<path d="M9278 11896 c-84 -36 -201 -106 -285 -169 -49 -37 -53 -42 -53 -82 0
-28 6 -47 19 -59 17 -15 25 -16 92 -3 l74 13 6 53 c8 63 28 87 85 104 23 7 72
33 108 60 60 42 66 50 66 82 0 45 -12 45 -112 1z"/>
<path d="M7165 11809 c-22 -5 -52 -21 -66 -35 l-27 -26 -194 6 c-106 3 -232 9
-279 12 -99 7 -132 -4 -172 -58 -29 -39 -50 -99 -40 -109 5 -3 29 -14 54 -24
40 -14 57 -15 120 -6 41 6 155 15 254 21 183 10 232 18 296 51 53 26 103 90
123 157 8 25 -1 27 -69 11z"/>
<path d="M8564 11359 c-120 -83 -154 -129 -154 -204 0 -120 135 -237 257 -223
31 4 48 -2 91 -30 48 -32 54 -34 68 -20 14 14 6 27 -85 135 l-101 120 0 132
c0 72 -4 131 -8 131 -5 0 -35 -18 -68 -41z"/>
<path d="M8317 10960 c-9 -15 -17 -37 -17 -48 0 -73 190 -163 437 -207 126
-21 123 -22 123 25 0 39 -1 40 -34 40 -60 0 -186 28 -244 55 -30 14 -94 54
-141 89 -112 82 -105 79 -124 46z"/>
<path d="M8830 9547 c0 -6 12 -28 27 -49 77 -111 378 -267 591 -306 l52 -9 0
38 c0 31 -4 39 -22 44 -106 30 -201 83 -313 175 -80 65 -140 105 -172 115 -21
6 -23 3 -23 -29 0 -20 -3 -36 -7 -36 -5 0 -36 16 -70 34 -35 19 -63 29 -63 23z"/>
<path d="M7321 9403 c0 -49 8 -151 17 -228 l17 -140 43 -3 c23 -2 42 -1 42 1
0 15 -41 398 -45 425 -5 29 -9 32 -40 32 l-35 0 1 -87z"/>
<path d="M6701 9343 c-5 -10 -30 -101 -55 -203 -43 -170 -54 -200 -136 -369
-50 -101 -90 -185 -90 -188 0 -6 72 8 106 22 26 11 35 24 49 66 11 32 35 71
60 98 36 39 43 55 48 101 4 30 22 101 41 156 51 153 53 173 21 260 -15 41 -29
74 -31 74 -2 0 -7 -8 -13 -17z"/>
<path d="M7084 9240 c-23 -11 -46 -32 -53 -46 -6 -15 -11 -82 -11 -169 l0
-145 34 0 33 0 22 113 c15 73 21 139 19 190 l-3 77 -41 -20z"/>
<path d="M8876 9238 c4 -7 39 -58 78 -113 141 -201 265 -348 370 -437 65 -54
164 -113 174 -104 10 11 -78 155 -153 248 -104 130 -289 310 -380 371 -68 46
-104 60 -89 35z"/>
<path d="M7693 8903 c8 -170 26 -219 97 -262 19 -11 39 -21 44 -21 13 0 -1
197 -18 251 -8 26 -21 60 -30 77 -16 32 -70 82 -88 82 -8 0 -9 -39 -5 -127z"/>
<path d="M7912 8942 c2 -4 39 -94 82 -200 73 -175 82 -192 108 -197 15 -4 31
-4 36 -1 12 7 -5 117 -30 191 -28 84 -72 149 -125 185 -44 28 -79 39 -71 22z"/>
<path d="M5870 8600 c-250 -154 -454 -285 -452 -291 1 -6 9 -21 18 -34 15 -23
16 -23 47 -5 18 10 158 84 311 165 375 197 377 195 82 -109 -144 -149 -225
-226 -230 -218 -13 22 -26 13 -26 -18 0 -18 5 -30 13 -30 7 0 65 15 130 34 64
18 117 29 117 24 0 -19 -249 -259 -350 -337 -164 -127 -195 -156 -314 -295
-221 -259 -292 -354 -412 -552 -157 -261 -296 -577 -350 -797 -23 -95 -43
-257 -32 -257 3 0 40 45 83 101 42 55 79 98 82 96 13 -13 -42 -174 -126 -370
-99 -230 -135 -384 -151 -642 -5 -82 -10 -156 -10 -162 0 -8 15 -13 40 -13
l40 0 0 55 0 55 35 0 c43 0 42 33 9 -382 -44 -557 -49 -650 -46 -776 l3 -123
37 3 37 3 22 345 c12 190 22 366 22 393 1 35 5 47 16 47 12 0 15 -15 15 -72 1
-40 11 -219 24 -398 27 -358 24 -348 126 -600 77 -192 80 -203 61 -229 -17
-23 -18 -22 -116 136 -54 87 -99 159 -100 161 -5 7 -35 -11 -35 -22 0 -6 27
-81 59 -166 33 -85 58 -156 57 -157 -1 -2 -26 6 -54 17 -29 11 -52 18 -52 15
0 -2 43 -80 95 -173 52 -94 95 -179 95 -191 0 -19 -11 -14 -80 40 -72 56 -82
61 -96 48 -13 -14 -2 -31 105 -160 l120 -144 -35 -62 c-19 -34 -34 -63 -34
-66 0 -2 27 -12 60 -22 33 -10 60 -22 60 -27 0 -4 -3 -8 -7 -8 -21 -2 -91 -79
-97 -107 l-7 -32 74 -3 75 -3 -52 -58 -51 -58 -63 38 c-76 45 -205 163 -266
242 -24 31 -80 119 -126 196 -46 77 -99 155 -117 175 l-33 35 -20 -25 c-13
-17 -20 -40 -20 -73 0 -66 46 -201 82 -239 26 -28 28 -34 17 -55 -7 -13 -15
-23 -19 -23 -9 0 -96 148 -126 215 -62 142 -82 333 -49 470 25 102 24 105 -39
105 l-53 0 -5 -102 c-4 -91 -9 -111 -36 -165 -18 -34 -32 -67 -32 -73 0 -6 52
-132 116 -281 64 -148 114 -272 110 -276 -16 -16 -123 114 -180 219 -50 90
-88 199 -140 396 -68 258 -92 317 -150 371 l-26 24 0 -103 c0 -57 -4 -100 -8
-95 -5 6 -39 116 -77 245 -37 129 -71 238 -74 241 -3 4 -18 9 -33 13 -23 5
-28 3 -28 -11 0 -10 29 -175 65 -367 36 -192 63 -351 61 -353 -6 -6 -40 46
-68 102 -33 65 -63 160 -142 437 -62 217 -120 367 -166 425 -33 42 -82 75 -94
63 -19 -19 -20 -324 -2 -449 32 -216 101 -391 179 -454 20 -17 39 -28 41 -26
3 3 -37 135 -89 294 -52 160 -95 291 -95 293 0 10 22 -3 45 -25 55 -56 83
-129 161 -426 81 -311 121 -383 208 -379 l44 1 7 -47 c16 -110 107 -243 184
-270 26 -9 32 -9 28 1 -3 6 -43 109 -90 228 l-85 216 16 87 c8 47 19 86 23 86
12 0 63 -142 113 -315 77 -264 126 -344 283 -457 142 -102 229 -133 253 -88 8
14 6 47 -6 121 -8 55 -14 102 -12 104 4 4 350 -281 360 -298 20 -31 8 -36 -94
-39 l-102 -3 97 -38 c53 -22 97 -42 97 -47 0 -4 -52 -31 -115 -60 -63 -30
-115 -57 -115 -60 0 -4 22 -17 49 -30 l50 -23 244 137 c135 75 248 136 252
136 12 0 -46 -93 -104 -164 -104 -129 -260 -246 -379 -284 l-56 -19 25 -16
c14 -9 39 -20 56 -23 69 -14 217 85 340 226 36 41 69 76 72 77 3 1 15 -4 25
-12 19 -14 8 -26 -187 -216 -114 -110 -207 -205 -207 -210 0 -12 102 -1 169
19 41 12 71 31 120 76 64 60 65 60 41 21 -13 -22 -31 -51 -41 -65 -12 -19 -19
-57 -25 -134 l-7 -108 -36 -22 c-55 -34 -231 -128 -231 -123 0 2 56 53 125
112 69 59 124 112 122 118 -11 34 -35 28 -159 -43 -93 -53 -132 -70 -148 -65
l-21 7 21 35 c11 20 19 37 16 40 -2 2 -52 -10 -110 -27 -100 -29 -113 -30
-256 -28 l-150 3 35 44 c20 24 34 45 33 47 -2 1 -92 -16 -201 -39 l-198 -41
-29 35 c-53 65 -172 115 -339 143 -101 17 -271 31 -271 22 0 -3 36 -24 80 -46
44 -22 80 -42 80 -44 0 -2 -28 2 -62 10 -110 26 -707 163 -875 201 -89 20
-164 35 -166 32 -2 -2 -7 -15 -10 -29 -6 -25 -3 -26 201 -88 114 -35 386 -118
605 -184 l397 -122 0 -33 0 -33 -76 0 c-74 0 -76 -1 -70 -22 3 -13 6 -31 6
-40 0 -9 12 -30 26 -47 33 -40 58 -40 209 -1 138 36 154 36 813 19 403 -11
444 -11 460 4 16 14 83 47 97 47 3 0 5 -25 5 -55 l0 -55 39 0 38 0 41 93 c91
207 82 191 99 174 14 -14 10 -29 -47 -157 -59 -130 -63 -142 -47 -157 15 -15
24 -8 130 90 l114 107 7 -71 8 -72 63 63 c35 34 68 59 74 56 25 -16 526 -655
603 -770 23 -34 43 -63 45 -65 6 -8 132 84 141 103 7 16 18 5 76 -76 68 -95
69 -96 100 -87 60 17 62 15 82 -77 20 -99 28 -92 38 36 4 47 9 104 12 126 l6
42 85 -40 c47 -21 88 -37 91 -34 3 3 5 149 6 323 1 363 6 335 -96 499 l-53 84
-59 0 c-42 0 -68 6 -92 21 l-34 20 20 39 c17 33 20 59 20 165 l0 125 -39 0
-38 0 -9 -62 c-7 -60 -8 -55 -20 97 -6 88 -12 161 -13 163 0 1 -9 2 -19 2 -14
0 -26 -30 -61 -158 -24 -86 -46 -162 -50 -169 -4 -9 -25 -2 -69 23 l-62 35 40
53 41 54 -31 50 c-20 31 -36 74 -43 116 -10 60 -9 70 8 104 21 39 270 300 279
291 3 -3 -10 -63 -29 -134 -19 -72 -35 -136 -35 -143 0 -9 12 -12 37 -10 l38
3 50 180 51 180 77 3 c87 3 85 5 62 -72 -22 -71 -20 -76 20 -76 42 0 38 -14
65 230 21 179 23 187 61 258 l40 72 -27 10 c-15 6 -30 7 -34 3 -4 -4 -33 -69
-65 -143 -32 -74 -62 -141 -68 -147 -9 -13 -77 -19 -77 -7 0 3 25 58 55 121
30 64 55 119 55 122 0 3 -35 14 -79 24 l-78 18 24 112 c54 255 92 353 166 427
41 40 132 80 146 64 5 -5 22 -85 39 -179 17 -93 68 -369 112 -613 l82 -443
-29 -55 c-15 -30 -31 -54 -34 -54 -3 0 -20 133 -39 295 -19 162 -37 295 -41
295 -15 0 -49 -54 -60 -94 -25 -93 3 -213 116 -491 40 -99 77 -192 80 -208 7
-26 5 -27 -29 -27 -20 0 -36 -3 -36 -6 0 -3 25 -58 55 -122 l55 -117 -47 55
c-107 124 -125 139 -175 146 l-47 6 -3 -73 -3 -74 -43 40 c-50 44 -49 45 -83
-52 -12 -34 -26 -60 -30 -58 -3 3 -10 34 -14 70 -3 36 -9 65 -11 65 -3 0 -18
-7 -34 -15 -36 -19 -44 -45 -38 -130 3 -54 9 -69 31 -93 16 -16 39 -35 53 -42
24 -13 28 -10 119 80 l94 94 12 -30 c6 -16 22 -58 36 -94 28 -76 34 -83 56
-74 14 5 8 22 -38 115 -31 60 -53 109 -50 109 3 0 49 -36 102 -79 81 -68 100
-79 124 -74 22 4 31 0 44 -21 15 -23 17 -46 12 -189 -3 -105 -11 -181 -21
-217 -42 -144 -39 -219 14 -325 35 -73 84 -124 165 -172 74 -44 120 -86 136
-124 6 -16 15 -29 18 -29 4 0 44 14 89 30 46 17 87 30 92 30 4 0 52 -72 105
-159 l97 -160 44 50 c24 27 44 54 44 59 0 6 -15 31 -34 56 l-33 47 21 53 c12
30 24 54 27 54 4 0 40 -45 80 -100 82 -111 77 -109 182 -79 l38 10 -3 333 -3
332 -39 80 c-35 73 -54 95 -237 274 -110 107 -199 198 -199 202 0 3 154 -90
341 -208 188 -118 343 -214 345 -214 1 0 6 30 9 66 7 65 8 65 34 59 51 -12
108 -61 296 -250 198 -200 258 -247 385 -301 106 -46 122 -47 132 -7 5 18 12
33 16 33 4 0 103 -54 220 -119 116 -65 212 -116 212 -112 0 4 -22 73 -50 155
-36 109 -45 144 -32 135 9 -8 63 -56 120 -108 81 -74 102 -89 102 -72 0 11 -9
103 -20 203 l-21 183 -64 60 c-36 33 -65 66 -65 73 0 21 27 24 55 6 14 -9 28
-14 31 -11 9 9 -33 126 -65 183 -41 71 -130 148 -241 209 l-94 52 -61 -19
c-131 -39 -167 -23 -259 115 -107 161 -117 228 -51 336 36 58 38 65 37 144 0
45 -8 125 -16 177 -19 111 -20 204 -5 264 10 41 9 46 -45 147 -30 57 -62 133
-70 169 -24 102 -20 330 25 1411 l41 985 -70 145 -69 145 28 50 c59 101 128
325 149 482 15 106 7 185 -22 233 -19 31 -22 32 -29 14 -4 -11 -33 -153 -64
-315 -31 -162 -58 -296 -60 -298 -1 -2 -14 11 -28 28 -39 46 -42 86 -17 238
19 114 22 158 17 272 -7 167 -22 239 -94 451 l-56 167 -34 4 c-18 2 -35 3 -37
1 -7 -7 23 -139 53 -237 51 -161 53 -194 60 -676 l6 -455 48 -73 c80 -121 91
-162 91 -337 0 -108 -8 -200 -27 -331 -43 -292 -47 -377 -48 -1064 0 -363 -4
-646 -9 -635 -4 11 -13 33 -19 49 -11 28 -12 28 -31 11 -11 -10 -25 -36 -31
-59 -17 -62 9 -146 101 -327 44 -87 90 -193 102 -236 32 -113 30 -244 -5 -390
-23 -97 -27 -132 -27 -271 l0 -159 31 -46 c64 -98 282 -281 382 -322 l37 -15
0 56 c0 30 4 54 9 52 54 -20 241 -104 241 -108 -1 -3 -7 -13 -14 -22 -10 -14
-54 -22 -229 -40 -119 -12 -214 -24 -211 -27 2 -3 57 -21 122 -41 l117 -35 96
-215 c53 -118 96 -216 95 -217 -5 -6 -125 30 -171 51 -99 45 -146 109 -192
261 -17 56 -20 60 -56 67 -53 11 -94 34 -152 84 -55 49 -83 54 -111 23 -10
-11 -13 -19 -6 -17 6 2 81 -73 166 -167 l154 -170 -45 -3 c-58 -4 -133 21
-167 57 -32 33 -56 106 -56 167 0 24 -4 45 -8 48 -5 3 -37 -4 -73 -14 -35 -11
-67 -16 -70 -12 -4 4 -55 194 -114 422 -146 569 -127 512 -180 538 -54 26 -55
37 -24 182 l20 96 -112 1085 c-68 663 -111 1123 -111 1184 1 136 31 233 142
465 130 272 162 382 181 620 10 125 9 142 -10 221 -12 48 -21 94 -21 103 0 14
-8 17 -37 14 -21 -2 -37 -7 -37 -13 1 -5 5 -78 9 -160 8 -182 -3 -294 -51
-489 -44 -180 -66 -227 -148 -316 -129 -140 -149 -211 -150 -530 -1 -243 -2
-236 66 -473 21 -77 38 -143 36 -148 -2 -5 -45 18 -96 50 -50 33 -92 58 -92
55 0 -3 45 -63 100 -132 l100 -127 0 -75 c0 -42 9 -138 20 -215 122 -873 150
-1098 141 -1133 -6 -19 -26 -61 -45 -91 -63 -102 -57 -148 28 -230 37 -36 46
-68 23 -77 -11 -4 -728 264 -741 277 -3 2 -10 60 -16 129 -12 117 -11 128 8
175 l20 50 56 3 56 3 0 -36 c0 -33 2 -35 35 -35 l35 0 -20 50 c-11 27 -26 66
-35 86 -8 20 -14 39 -12 41 2 2 39 -22 81 -53 43 -30 81 -52 84 -49 4 4 -8 48
-26 99 -17 51 -32 101 -32 111 0 24 32 125 39 125 3 0 36 -9 74 -19 37 -11 67
-18 67 -15 0 2 -16 37 -36 76 l-36 72 92 188 93 188 4 112 5 113 -46 74 c-55
90 -57 92 -75 81 -12 -7 -11 -30 8 -157 13 -91 18 -149 12 -151 -26 -9 -65
-49 -78 -79 -7 -19 -20 -88 -29 -155 -8 -66 -17 -125 -20 -129 -3 -5 -21 -9
-39 -9 -31 0 -40 7 -80 62 -37 52 -45 58 -45 38 0 -14 11 -49 25 -78 44 -95
38 -122 -66 -296 -51 -83 -99 -163 -108 -178 -9 -16 -19 -28 -22 -28 -3 0 -9
71 -12 158 -4 86 -16 225 -27 307 -11 83 -32 238 -47 345 -24 183 -27 228 -33
720 -7 590 1 524 -93 755 -66 161 -65 155 -23 155 42 0 44 10 15 65 -42 80
-118 141 -217 174 -34 12 -77 21 -97 21 -33 0 -35 -2 -35 -35 0 -30 5 -37 38
-54 158 -81 292 -454 332 -926 12 -141 13 -335 3 -335 -34 -1 -33 -14 42 -690
41 -370 75 -682 75 -692 0 -11 -7 -18 -20 -18 -18 0 -20 8 -22 113 l-3 112
-20 -30 c-17 -25 -20 -45 -19 -145 1 -121 11 -177 93 -525 22 -93 49 -235 60
-315 28 -196 48 -234 198 -393 64 -67 134 -144 156 -172 66 -82 167 -314 126
-289 -8 4 -52 32 -97 62 -46 29 -85 52 -87 50 -2 -2 21 -43 51 -93 70 -116 91
-183 105 -323 10 -106 10 -114 -7 -127 -11 -8 -21 -15 -24 -15 -3 0 -56 101
-117 225 -100 199 -111 225 -95 234 9 5 15 11 12 14 -13 10 -162 88 -164 85
-2 -2 39 -129 90 -283 85 -258 91 -280 73 -283 -29 -5 -105 35 -135 71 -15 18
-46 70 -68 117 -37 79 -40 91 -41 170 0 93 -12 125 -61 157 -28 18 -109 22
-124 7 -6 -6 8 -74 37 -182 25 -95 43 -175 40 -178 -9 -10 -141 63 -176 98
-64 63 -83 161 -36 192 24 16 45 69 45 114 0 23 -1 23 -41 -9 -38 -30 -42 -31
-57 -15 -15 15 -13 29 29 199 44 181 45 182 79 199 62 31 61 34 -74 225 -84
118 -126 185 -126 202 0 14 9 164 19 333 11 187 16 323 10 350 -4 24 -24 97
-44 163 -80 269 -107 381 -144 605 -22 129 -45 293 -53 365 -12 127 -13 130
-59 207 -135 225 -177 491 -143 901 l6 67 -39 0 -39 0 -22 -167 c-20 -150 -21
-184 -12 -313 12 -178 19 -214 80 -460 27 -107 55 -235 61 -284 12 -85 11 -90
-7 -102 -10 -7 -71 -51 -134 -97 l-114 -83 -67 -355 -67 -355 -152 -219 c-84
-121 -157 -224 -161 -229 -5 -6 -19 0 -34 14 -17 16 -24 19 -20 8 4 -10 -26
-65 -87 -157 -51 -77 -96 -141 -99 -141 -3 0 -11 57 -17 127 -7 69 -14 128
-16 130 -2 3 -17 -2 -34 -11 -36 -19 -42 -44 -42 -177 l0 -99 -34 0 c-33 0
-35 2 -38 36 l-3 36 -48 -37 c-27 -20 -50 -35 -51 -33 -2 1 19 98 45 213 26
116 47 214 46 218 -4 15 -86 -52 -112 -92 -43 -64 -56 -125 -62 -279 l-6 -143
-69 -35 c-39 -20 -71 -34 -73 -32 -1 2 26 125 61 273 35 149 63 273 64 278 0
4 -20 7 -44 7 -50 0 -56 -8 -56 -77 0 -97 -12 -27 -35 208 -14 134 -25 245
-25 247 0 1 -11 2 -25 2 -32 0 -33 28 -5 79 l21 36 -60 142 c-32 79 -57 143
-54 143 3 0 35 -27 70 -60 52 -49 68 -59 79 -49 8 6 14 16 14 22 0 5 -37 55
-82 111 l-83 101 -20 222 c-11 123 -17 223 -13 223 4 0 37 -18 73 -40 73 -45
74 -44 50 54 -27 105 -55 164 -97 202 -37 33 -44 35 -91 32 l-51 -3 -42 210
c-23 116 -41 211 -40 213 2 1 23 -27 47 -63 24 -36 47 -65 51 -65 5 0 8 62 8
138 1 413 29 721 94 1017 18 83 29 151 25 153 -13 6 -92 -33 -126 -62 -44 -37
-76 -109 -118 -262 -19 -72 -45 -153 -57 -180 -22 -48 -23 -48 -26 -19 -10 79
31 257 103 454 25 68 59 177 76 243 35 140 46 165 105 234 43 51 92 139 82
149 -3 3 -30 -6 -61 -20 -36 -17 -62 -23 -71 -18 -12 7 2 30 71 116 78 98 84
110 70 124 -14 14 -22 10 -88 -41 -40 -31 -76 -56 -81 -56 -27 0 -5 56 126
318 l146 291 -22 16 c-13 8 -25 15 -29 15 -3 0 -77 -99 -164 -220 -87 -121
-161 -223 -166 -226 -5 -3 -14 -2 -19 1 -6 4 10 34 36 71 25 35 98 164 161
286 64 123 134 249 156 280 22 32 81 94 131 139 130 116 185 184 216 264 9 24
9 25 -13 14 -12 -7 -60 -38 -107 -69 -47 -31 -112 -74 -144 -94 l-59 -38 44
50 c24 28 280 311 568 630 473 522 551 602 551 562 0 -6 -402 -473 -524 -609
l-21 -23 25 7 c111 34 405 325 595 590 73 102 149 244 144 268 -3 13 -37 -4
-157 -78 -84 -52 -155 -95 -157 -95 -2 0 70 123 160 273 146 242 162 273 148
285 -9 6 -22 12 -27 12 -6 0 -216 -126 -466 -280z m1942 -6856 c224 -87 331
-124 349 -120 22 4 29 -1 48 -35 l22 -39 -21 0 c-12 0 -50 7 -84 16 -43 11
-80 14 -128 9 -57 -5 -73 -3 -109 15 l-42 22 -93 -43 c-52 -23 -94 -45 -94
-49 0 -19 43 -42 94 -50 90 -15 169 -63 236 -145 70 -86 120 -163 120 -186 0
-9 -8 -26 -17 -38 l-18 -22 -326 211 -326 210 13 92 c7 51 18 135 25 186 7 50
16 92 20 92 4 0 153 -57 331 -126z m-2056 -73 c13 -28 20 -51 15 -51 -9 0
-104 31 -110 37 -3 2 11 19 29 38 18 19 36 33 38 30 2 -2 15 -27 28 -54z
m-302 -63 c22 -17 43 -33 45 -35 3 -2 -3 -11 -12 -20 -15 -16 -18 -15 -41 6
-23 22 -52 81 -39 81 3 0 24 -14 47 -32z m2641 -96 c49 -25 86 -64 115 -121
23 -46 50 -157 50 -206 l-1 -30 -38 41 c-27 29 -41 54 -46 84 -10 60 -89 140
-164 165 -52 17 -121 67 -121 87 0 19 161 3 205 -20z m-2704 -133 c10 12 27
34 37 48 l18 25 67 -33 66 -33 3 -90 c3 -88 4 -90 33 -107 17 -9 42 -19 58
-23 l27 -6 0 76 0 77 38 -7 c20 -3 51 -6 69 -6 43 0 335 -192 327 -215 -11
-29 6 -63 76 -151 107 -134 155 -252 161 -389 2 -48 0 -61 -13 -63 -12 -2 -16
14 -22 89 -4 50 -13 104 -21 118 -7 14 -41 53 -75 86 -50 48 -72 80 -111 162
-26 56 -57 106 -67 112 -23 12 -65 3 -59 -13 84 -226 219 -618 214 -622 -12
-13 -126 55 -178 107 -83 83 -149 229 -149 332 0 42 -10 46 -65 23 -43 -18
-45 -41 -11 -135 30 -86 39 -141 22 -141 -25 0 -99 58 -127 100 -40 59 -68
139 -80 229 -6 42 -12 77 -14 79 -1 2 -50 13 -109 25 l-106 22 -57 85 c-31 47
-65 106 -75 133 -24 64 -25 202 -1 236 l16 24 45 -89 44 -88 19 23z m710 -99
c5 0 9 -9 9 -20 0 -17 -7 -20 -39 -20 -36 0 -40 3 -75 59 -20 32 -36 61 -36
64 0 3 30 -15 66 -39 36 -24 70 -44 75 -44z m3187 -277 c81 -55 183 -206 206
-305 l6 -27 -82 35 c-46 20 -90 38 -100 41 -13 4 -78 143 -136 292 -9 23 46 4
106 -36z m-2951 13 c10 -9 35 -116 28 -116 -5 0 -95 128 -95 134 0 10 53 -5
67 -18z"/>
<path d="M8345 8798 c10 -62 30 -105 54 -118 23 -12 121 -26 121 -18 0 3 -5
20 -11 39 -18 53 -58 99 -103 120 -63 28 -69 26 -61 -23z"/>
<path d="M8976 8789 c42 -54 295 -421 292 -425 -3 -2 -83 12 -179 30 -96 19
-176 32 -178 30 -13 -12 50 -54 169 -112 197 -95 268 -150 316 -244 29 -57 81
-118 100 -118 21 0 18 81 -7 170 -26 98 -115 282 -187 389 -96 143 -223 260
-312 286 -20 7 -23 5 -14 -6z"/>
<path d="M8800 8216 c0 -14 11 -125 25 -248 14 -123 25 -230 25 -238 0 -10
-16 -20 -45 -28 -53 -14 -65 -41 -46 -111 34 -128 239 -383 380 -473 25 -15
51 -28 58 -28 7 0 -32 71 -87 158 -97 153 -99 157 -77 166 l23 8 -57 317 c-32
174 -61 330 -64 348 -5 26 -2 33 15 38 22 7 28 3 -112 92 l-38 23 0 -24z m201
-783 c-25 -19 -36 -15 -54 20 -9 17 -32 61 -52 97 l-37 65 80 -85 c70 -74 77
-86 63 -97z"/>
<path d="M6364 8148 c-90 -116 -407 -595 -454 -689 -23 -44 -21 -45 22 -23 70
36 189 172 292 334 89 140 196 384 184 420 -2 6 -22 -13 -44 -42z"/>
<path d="M6154 7428 c-111 -123 -245 -271 -298 -330 -54 -60 -93 -108 -88
-108 19 0 158 99 239 172 152 134 294 312 333 416 11 30 19 59 18 63 -2 5 -93
-91 -204 -213z"/>
<path d="M8750 7214 c0 -3 15 -34 33 -67 22 -43 72 -102 159 -190 152 -153
185 -210 249 -437 56 -200 105 -298 129 -260 18 29 32 141 25 198 -9 74 -58
222 -97 292 -107 190 -284 373 -435 449 -43 21 -63 26 -63 15z"/>
<path d="M6349 7130 c-98 -40 -188 -116 -256 -219 -32 -48 -203 -382 -203
-396 0 -3 17 3 39 14 47 25 79 61 132 154 79 136 127 202 228 317 101 114 129
151 114 149 -4 0 -29 -9 -54 -19z"/>
<path d="M8710 6799 c0 -29 35 -140 84 -266 91 -232 121 -356 136 -561 5 -69
12 -127 14 -129 2 -3 18 3 35 12 l31 16 0 182 c0 257 -29 416 -102 562 -41 81
-83 132 -137 167 -49 30 -61 34 -61 17z"/>
<path d="M6571 6725 c-27 -25 -65 -76 -84 -113 -34 -65 -88 -221 -101 -292
l-7 -35 49 52 c47 49 119 175 160 278 33 83 52 155 41 155 -5 0 -32 -20 -58
-45z"/>
<path d="M6859 6712 c-5 -13 -9 -28 -9 -33 0 -5 -22 -59 -50 -119 -56 -124
-80 -199 -80 -244 l1 -31 47 51 c73 78 146 233 167 351 l6 41 -36 4 c-32 4
-38 1 -46 -20z"/>
<path d="M7055 6301 c-41 -25 -90 -82 -120 -141 -55 -109 -105 -355 -105 -521
l0 -69 35 0 c30 0 35 4 40 28 3 15 12 50 20 78 8 28 15 84 15 126 0 86 21 175
74 306 44 110 77 204 73 208 -2 2 -16 -5 -32 -15z"/>
<path d="M7990 6008 c0 -11 121 -419 127 -427 8 -11 43 36 49 67 8 43 -3 95
-57 250 l-41 122 -39 0 c-23 0 -39 -5 -39 -12z"/>
<path d="M7170 5905 c0 -3 -12 -83 -26 -178 -24 -160 -26 -186 -19 -374 l7
-203 34 0 34 0 0 198 c0 131 7 254 20 367 11 94 20 176 20 183 0 7 -14 12 -35
12 -19 0 -35 -2 -35 -5z"/>
<path d="M7430 5585 c0 -148 -16 -366 -35 -477 -4 -26 -2 -28 30 -28 31 0 35
3 39 33 14 85 47 529 44 582 l-3 60 -37 3 -38 3 0 -176z"/>
<path d="M7280 5155 l0 -375 35 0 35 0 0 375 0 375 -35 0 -35 0 0 -375z"/>
<path d="M7768 4953 c-114 -273 -205 -499 -203 -501 2 -3 31 22 63 56 137 139
303 489 378 797 32 132 31 145 -4 145 -27 0 -32 -11 -234 -497z"/>
<path d="M5912 5057 l-62 -21 -24 -75 c-217 -692 -220 -703 -205 -712 37 -23
43 -11 169 318 69 179 126 320 128 311 2 -9 -4 -69 -12 -134 -10 -71 -16 -194
-16 -307 l0 -188 33 3 32 3 17 200 c9 110 20 296 24 413 8 240 16 223 -84 189z"/>
<path d="M7390 4923 c1 -43 6 -87 13 -99 17 -30 54 -74 61 -74 3 0 6 56 6 125
l0 125 -40 0 -40 0 0 -77z"/>
<path d="M5580 4907 l0 -53 -35 4 c-92 11 -163 -160 -183 -435 -6 -77 -10 -98
-22 -98 -12 0 -17 21 -23 95 -13 162 -47 266 -109 329 -40 41 -88 67 -88 49
-1 -7 27 -192 62 -411 l63 -398 39 3 40 3 41 165 41 165 19 -35 c10 -19 20
-30 21 -25 2 6 12 93 24 195 29 256 27 248 54 243 l23 -5 -18 -60 c-16 -51
-19 -93 -19 -279 l0 -219 36 0 37 0 -7 55 c-4 39 6 153 34 378 22 177 42 337
45 355 6 32 6 32 -35 32 l-40 0 0 -53z"/>
<path d="M7560 4828 c-12 -35 -49 -112 -81 -171 -127 -232 -149 -316 -156
-604 l-6 -213 25 0 c22 0 27 9 66 153 23 83 87 314 142 512 55 198 100 366
100 373 0 7 -13 12 -34 12 -32 0 -34 -3 -56 -62z"/>
<path d="M6172 4424 c-52 -152 -92 -277 -90 -280 3 -2 19 1 37 7 63 22 74 -4
46 -113 -9 -33 -15 -83 -13 -111 3 -46 6 -53 36 -70 l33 -19 -1 113 c-1 102
23 334 50 487 5 30 21 80 36 112 31 69 29 95 -11 126 l-30 23 -93 -275z"/>
<path d="M8099 4633 c-5 -16 -15 -41 -21 -56 -6 -17 -8 -55 -5 -95 5 -56 17
-89 70 -197 l65 -130 57 -310 c31 -170 68 -370 82 -443 l26 -133 23 22 c43 40
59 103 58 224 -2 131 -31 253 -144 600 -82 251 -116 381 -125 478 l-7 67 -34
0 c-28 0 -36 -5 -45 -27z"/>
<path d="M4992 4445 c-58 -73 -30 -208 64 -310 l37 -40 9 25 c17 43 3 149 -31
236 -17 44 -37 88 -44 98 -13 18 -15 17 -35 -9z"/>
<path d="M770 4380 c0 -5 18 -28 40 -50 75 -75 221 -130 347 -131 40 0 77 2
83 6 6 4 121 -52 255 -124 134 -72 246 -131 249 -131 3 0 6 6 6 13 0 7 7 23
16 35 18 27 31 21 104 -43 50 -44 99 -75 120 -75 22 0 -117 187 -205 276 -126
127 -239 185 -393 200 -59 6 -65 6 -59 -10 4 -10 7 -21 7 -25 0 -4 94 -63 210
-132 203 -120 236 -148 187 -157 -26 -5 -117 40 -228 113 -174 114 -223 133
-483 185 -87 17 -176 38 -198 46 -48 17 -58 17 -58 4z"/>
<path d="M6450 4285 c0 -26 92 -278 182 -500 182 -445 224 -589 235 -809 l6
-123 31 1 31 1 0 175 c-1 302 -42 438 -244 805 -91 166 -129 259 -151 365
l-17 85 -37 3 c-20 2 -36 1 -36 -3z"/>
<path d="M1870 4266 c0 -4 310 -436 423 -591 l29 -40 -7 35 c-12 58 -91 218
-160 321 -76 115 -183 228 -242 258 -24 12 -43 19 -43 17z"/>
<path d="M620 4240 c-14 -4 -40 -8 -57 -9 -23 -1 -37 -8 -49 -26 -9 -14 -15
-27 -13 -29 2 -2 105 -27 229 -55 124 -28 233 -54 244 -57 17 -6 16 -3 -5 35
-31 55 -64 74 -189 109 -58 16 -112 32 -120 35 -8 3 -26 1 -40 -3z"/>
<path d="M2234 4225 c22 -89 30 -117 46 -162 80 -217 234 -425 355 -478 53
-24 55 -26 55 -63 0 -111 65 -224 176 -307 40 -30 75 -55 78 -55 13 0 -32 81
-107 193 -88 130 -118 203 -138 326 -5 38 -9 87 -7 109 3 40 6 34 112 -164
108 -201 110 -204 129 -186 18 19 18 21 -27 137 -67 171 -133 292 -191 353
-28 28 -56 52 -62 52 -8 0 -5 -22 8 -67 10 -37 17 -68 15 -71 -2 -2 -18 3 -34
12 -29 15 -30 15 -36 -16 -3 -17 -6 -49 -7 -72 -2 -102 -5 -100 -178 180 -91
146 -171 273 -178 282 -13 16 -14 15 -9 -3z"/>
<path d="M310 4130 c-43 -8 -69 -22 -95 -50 l-20 -22 100 6 c77 5 137 1 262
-17 89 -13 160 -19 157 -15 -3 4 -24 19 -47 32 -81 48 -268 82 -357 66z"/>
<path d="M4833 4111 c3 -13 14 -70 24 -128 l17 -106 51 -38 c27 -21 51 -37 52
-35 2 1 -4 25 -12 52 -8 27 -18 91 -22 141 -7 104 -16 120 -78 130 -36 6 -38
5 -32 -16z"/>
<path d="M87 3871 c-37 -24 -66 -45 -64 -47 2 -3 60 8 127 23 l123 27 39 -22
c39 -21 41 -21 76 -3 37 18 37 18 126 -10 141 -44 132 -43 128 -6 -3 26 -11
36 -45 52 -36 17 -71 20 -242 25 l-199 5 -69 -44z"/>
<path d="M6295 3793 c-18 -3 -37 -55 -127 -336 l-106 -332 40 -3 c22 -2 42 -2
44 0 6 6 184 647 184 663 0 8 -3 14 -7 14 -5 -1 -17 -4 -28 -6z"/>
<path d="M242 3710 c-20 -9 -51 -55 -41 -64 2 -1 42 -13 89 -24 47 -12 117
-31 155 -41 170 -46 304 -81 311 -81 15 0 -43 54 -110 101 -94 66 -210 110
-306 115 -41 2 -85 0 -98 -6z"/>
<path d="M535 3405 c-16 -9 -31 -18 -33 -20 -3 -2 96 -70 219 -151 123 -81
249 -164 281 -185 l56 -39 24 20 23 19 -100 99 c-106 104 -213 185 -307 233
-73 37 -124 45 -163 24z"/>
<path d="M8210 3404 c0 -5 17 -63 38 -129 l38 -120 -12 -115 c-17 -155 -17
-212 2 -260 15 -37 15 -43 0 -80 -12 -31 -16 -77 -16 -205 l0 -165 35 0 c21 0
35 5 35 13 0 6 9 91 20 187 24 216 25 307 4 360 -15 37 -15 43 0 80 33 83 12
232 -47 332 -26 44 -97 119 -97 102z"/>
<path d="M850 2975 c-11 -13 7 -35 121 -149 74 -73 172 -162 219 -196 85 -63
181 -115 200 -108 15 5 -149 209 -245 305 -139 138 -255 196 -295 148z"/>
<path d="M1200 2504 c40 -105 145 -186 435 -337 105 -54 212 -113 240 -130
l49 -32 -29 -6 c-17 -4 -58 -7 -92 -8 -58 -1 -63 -3 -63 -23 0 -21 33 -34 426
-166 235 -78 428 -141 430 -140 1 2 4 25 6 52 l3 50 -335 97 -334 96 33 18
c18 9 29 20 25 25 -18 16 -773 520 -788 526 -14 5 -15 2 -6 -22z"/>
<path d="M3400 2436 c0 -2 9 -33 20 -68 19 -64 45 -96 104 -134 l28 -18 -7 45
c-9 55 -25 87 -62 120 -30 27 -83 62 -83 55z"/>
<path d="M3710 2241 c0 -19 82 -112 132 -150 92 -69 308 -158 308 -127 0 20
-53 88 -100 128 -55 48 -157 101 -254 132 -90 30 -86 29 -86 17z"/>
<path d="M4058 1873 c-49 -2 -88 -7 -88 -11 0 -4 24 -19 53 -34 46 -25 63 -28
145 -28 50 0 92 2 92 5 0 17 -33 65 -44 65 -7 0 -26 1 -42 3 -16 2 -68 2 -116
0z"/>
</g>
</svg>
